1 1
1 4
1 2
2 1
4 1
1 5
2 2
1 7
4 4
7 1
1 10
2 4
4 2
4 7
7 4
5 1
10 1
1 13
1 8
2 5
2 7
4 5
5 2
5 4
4 10
7 7
7 2
10 4
8 1
13 1
1 11
2 8
1 16
4 13
2 10
4 8
5 5
7 10
5 7
7 5
8 2
8 4
10 2
11 1
1 14
2 11
10 7
13 4
2 13
16 1
4 11
5 8
1 19
5 10
7 8
4 16
7 13
8 5
8 7
10 5
10 10
13 7
11 2
16 4
11 4
19 1
1 22
4 19
7 16
10 13
13 10
16 7
19 4
22 1
1 25
4 22
13 2
14 1
1 17
7 19
10 16
2 14
13 13
16 10
2 16
19 7
22 4
25 1
4 14
1 28
5 11
5 13
4 25
7 11
7 22
10 19
8 8
13 16
8 10
10 8
11 5
11 7
13 5
14 2
16 13
14 4
16 2
19 10
22 7
25 4
28 1
17 1
1 31
1 20
4 28
2 17
7 25
10 22
13 19
2 19
4 17
16 16
5 14
19 13
5 16
7 14
8 11
8 13
22 10
10 11
25 7
11 8
11 10
13 8
14 5
28 4
31 1
14 7
1 34
16 5
4 31
17 2
17 4
19 2
20 1
1 23
7 28
2 20
10 25
13 22
16 19
2 22
19 16
4 20
5 17
5 19
7 17
22 13
8 14
8 16
10 14
11 11
11 13
13 11
14 8
25 10
28 7
14 10
31 4
34 1
1 37
16 8
17 5
17 7
19 5
20 2
4 34
7 31
20 4
22 2
10 28
13 25
16 22
23 1
1 26
2 23
19 19
2 25
22 16
25 13
28 10
4 23
5 20
31 7
34 4
37 1
5 22
1 40
7 20
8 17
4 37
7 34
10 31
8 19
10 17
13 28
16 25
19 22
11 14
11 16
22 19
25 16
28 13
13 14
31 10
34 7
37 4
40 1
14 11
14 13
1 43
16 11
4 40
17 8
17 10
19 8
20 5
7 37
20 7
22 5
23 2
10 34
13 31
16 28
19 25
22 22
25 19
28 16
31 13
34 10
23 4
25 2
37 7
40 4
43 1
1 46
4 43
26 1
1 29
2 26
7 40
10 37
2 28
13 34
4 26
16 31
19 28
22 25
5 23
5 25
7 23
8 20
25 22
8 22
10 20
11 17
28 19
11 19
13 17
14 14
31 16
14 16
16 14
17 11
34 13
37 10
17 13
19 11
20 8
40 7
20 10
43 4
46 1
22 8
1 49
4 46
23 5
7 43
10 40
13 37
16 34
23 7
19 31
25 5
26 2
26 4
28 2
29 1
1 32
2 29
2 31
4 29
22 28
5 26
5 28
7 26
8 23
25 25
28 22
31 19
34 16
37 13
8 25
10 23
40 10
11 20
11 22
43 7
46 4
13 20
14 17
14 19
49 1
16 17
1 52
17 14
17 16
4 49
19 14
20 11
7 46
10 43
20 13
13 40
22 11
23 8
23 10
25 8
26 5
26 7
28 5
29 2
16 37
19 34
29 4
31 2
22 31
32 1
25 28
1 35
28 25
2 32
2 34
31 22
4 32
5 29
34 19
37 16
5 31
40 13
7 29
8 26
43 10
46 7
49 4
8 28
52 1
10 26
11 23
1 55
11 25
4 52
7 49
13 23
14 20
10 46
13 43
14 22
16 40
16 20
19 37
22 34
25 31
28 28
17 17
31 25
34 22
37 19
40 16
17 19
43 13
46 10
49 7
19 17
52 4
55 1
20 14
1 58
20 16
4 55
22 14
7 52
23 11
10 49
13 46
16 43
23 13
19 40
25 11
26 8
22 37
26 10
25 34
28 31
28 8
31 28
34 25
29 5
29 7
31 5
37 22
40 19
32 2
32 4
43 16
34 2
35 1
1 38
2 35
46 13
49 10
52 7
2 37
55 4
4 35
58 1
1 61
5 32
5 34
7 32
8 29
4 58
8 31
10 29
7 55
10 52
13 49
16 46
11 26
19 43
11 28
13 26
14 23
22 40
25 37
28 34
31 31
34 28
37 25
14 25
16 23
40 22
43 19
46 16
17 20
17 22
49 13
19 20
52 10
55 7
20 17
20 19
22 17
58 4
61 1
1 64
4 61
23 14
23 16
25 14
7 58
10 55
13 52
16 49
26 11
19 46
22 43
26 13
28 11
29 8
29 10
31 8
25 40
28 37
31 34
32 5
32 7
34 31
34 5
37 28
40 25
43 22
35 2
46 19
35 4
49 16
52 13
55 10
58 7
37 2
38 1
61 4
1 41
2 38
64 1
1 67
2 40
4 64
4 38
5 35
7 61
5 37
7 35
10 58
8 32
13 55
16 52
19 49
22 46
8 34
10 32
11 29
11 31
25 43
28 40
13 29
31 37
14 26
34 34
37 31
40 28
43 25
14 28
46 22
49 19
16 26
52 16
17 23
55 13
17 25
19 23
20 20
20 22
22 20
23 17
58 10
23 19
25 17
26 14
26 16
28 14
29 11
29 13
31 11
32 8
61 7
32 10
64 4
67 1
34 8
35 5
35 7
1 70
4 67
37 5
7 64
10 61
13 58
16 55
19 52
38 2
22 49
25 46
38 4
40 2
28 43
31 40
34 37
37 34
41 1
40 31
43 28
1 44
2 41
2 43
4 41
5 38
46 25
5 40
7 38
49 22
52 19
55 16
8 35
8 37
10 35
58 13
11 32
11 34
61 10
64 7
67 4
13 32
70 1
14 29
1 73
14 31
16 29
17 26
4 70
7 67
17 28
10 64
13 61
19 26
16 58
19 55
22 52
20 23
25 49
20 25
28 46
22 23
23 20
23 22
31 43
34 40
37 37
25 20
26 17
26 19
28 17
29 14
40 34
43 31
29 16
31 14
46 28
32 11
49 25
32 13
34 11
35 8
35 10
37 8
52 22
55 19
58 16
38 5
61 13
64 10
67 7
38 7
40 5
70 4
41 2
41 4
73 1
1 76
43 2
44 1
1 47
2 44
4 73
2 46
7 70
4 44
10 67
5 41
13 64
5 43
16 61
19 58
22 55
25 52
7 41
8 38
8 40
10 38
11 35
11 37
13 35
14 32
14 34
28 49
16 32
31 46
17 29
17 31
19 29
34 43
20 26
37 40
20 28
40 37
43 34
22 26
46 31
23 23
49 28
52 25
23 25
25 23
26 20
55 22
58 19
26 22
61 16
64 13
28 20
29 17
29 19
31 17
32 14
32 16
34 14
35 11
67 10
70 7
35 13
37 11
38 8
73 4
76 1
38 10
1 79
4 76
40 8
7 73
10 70
13 67
41 5
16 64
19 61
41 7
22 58
43 5
44 2
44 4
46 2
25 55
47 1
28 52
31 49
34 46
37 43
1 50
40 40
43 37
46 34
2 47
49 31
2 49
52 28
4 47
55 25
58 22
61 19
64 16
5 44
67 13
70 10
73 7
5 46
7 44
8 41
76 4
79 1
1 82
4 79
8 43
7 76
10 41
10 73
11 38
11 40
13 70
16 67
19 64
13 38
14 35
22 61
25 58
28 55
31 52
34 49
37 46
40 43
43 40
46 37
49 34
14 37
16 35
17 32
52 31
17 34
19 32
20 29
55 28
20 31
58 25
22 29
23 26
61 22
64 19
67 16
23 28
70 13
73 10
76 7
79 4
25 26
26 23
82 1
1 85
4 82
7 79
26 25
28 23
29 20
10 76
29 22
31 20
13 73
16 70
32 17
19 67
22 64
32 19
25 61
34 17
35 14
28 58
31 55
34 52
37 49
35 16
37 14
38 11
40 46
43 43
46 40
49 37
38 13
52 34
55 31
40 11
58 28
41 8
61 25
41 10
64 22
67 19
70 16
43 8
44 5
44 7
46 5
73 13
76 10
79 7
47 2
82 4
85 1
47 4
1 88
4 85
7 82
10 79
13 76
16 73
19 70
22 67
49 2
25 64
50 1
28 61
1 53
31 58
2 50
34 55
2 52
37 52
40 49
4 50
43 46
46 43
5 47
5 49
49 40
7 47
52 37
55 34
8 44
58 31
8 46
61 28
10 44
11 41
11 43
13 41
14 38
64 25
67 22
70 19
73 16
76 13
79 10
82 7
14 40
16 38
17 35
85 4
88 1
1 91
17 37
19 35
4 88
7 85
20 32
20 34
22 32
10 82
23 29
13 79
23 31
16 76
19 73
22 70
25 29
26 26
25 67
28 64
26 28
28 26
29 23
29 25
31 23
32 20
32 22
31 61
34 58
34 20
37 55
40 52
43 49
35 17
35 19
46 46
49 43
37 17
38 14
38 16
40 14
41 11
41 13
52 40
55 37
58 34
61 31
64 28
67 25
43 11
70 22
44 8
73 19
76 16
44 10
46 8
79 13
47 5
47 7
49 5
82 10
85 7
50 2
50 4
52 2
53 1
88 4
1 56
2 53
2 55
91 1
1 94
4 91
7 88
4 53
10 85
5 50
13 82
5 52
16 79
19 76
7 50
22 73
25 70
28 67
8 47
8 49
10 47
31 64
11 44
34 61
11 46
13 44
37 58
40 55
14 41
14 43
16 41
17 38
17 40
19 38
43 52
46 49
49 46
52 43
20 35
20 37
55 40
58 37
22 35
23 32
61 34
23 34
64 31
25 32
67 28
26 29
26 31
28 29
70 25
73 22
76 19
29 26
29 28
79 16
31 26
32 23
32 25
34 23
82 13
85 10
35 20
35 22
37 20
38 17
38 19
88 7
40 17
91 4
41 14
94 1
41 16
1 97
4 94
43 14
44 11
7 91
10 88
13 85
16 82
44 13
19 79
46 11
47 8
47 10
49 8
50 5
50 7
22 76
25 73
28 70
31 67
34 64
37 61
52 5
40 58
43 55
53 2
53 4
55 2
56 1
1 59
2 56
46 52
2 58
4 56
49 49
52 46
55 43
5 53
5 55
58 40
7 53
8 50
8 52
10 50
61 37
64 34
11 47
11 49
13 47
14 44
14 46
16 44
67 31
17 41
70 28
17 43
19 41
73 25
20 38
20 40
22 38
23 35
76 22
79 19
82 16
85 13
88 10
23 37
91 7
25 35
26 32
94 4
97 1
1 100
4 97
26 34
28 32
29 29
29 31
7 94
10 91
13 88
16 85
31 29
32 26
19 82
32 28
22 79
34 26
35 23
25 76
35 25
28 73
31 70
37 23
38 20
38 22
34 67
40 20
37 64
41 17
41 19
43 17
40 61
43 58
44 14
46 55
44 16
49 52
52 49
55 46
58 43
46 14
61 40
47 11
47 13
49 11
50 8
50 10
52 8
64 37
67 34
53 5
53 7
70 31
55 5
73 28
76 25
79 22
56 2
56 4
58 2
82 19
85 16
59 1
88 13
91 10
94 7
1 62
2 59
2 61
97 4
4 59
100 1
1 103
4 100
7 97
10 94
5 56
13 91
5 58
16 88
7 56
8 53
19 85
8 55
10 53
11 50
22 82
25 79
28 76
11 52
31 73
34 70
37 67
40 64
13 50
14 47
43 61
14 49
46 58
49 55
52 52
16 47
55 49
58 46
17 44
61 43
64 40
17 46
19 44
20 41
20 43
22 41
67 37
23 38
70 34
73 31
76 28
79 25
23 40
25 38
26 35
26 37
28 35
29 32
29 34
31 32
32 29
82 22
85 19
88 16
91 13
32 31
34 29
94 10
35 26
35 28
97 7
37 26
100 4
38 23
103 1
1 106
4 103
38 25
7 100
40 23
10 97
41 20
13 94
16 91
41 22
43 20
19 88
22 85
44 17
25 82
28 79
31 76
34 73
44 19
37 70
40 67
46 17
43 64
46 61
47 14
47 16
49 58
52 55
49 14
50 11
55 52
50 13
58 49
61 46
52 11
53 8
53 10
55 8
64 43
67 40
56 5
56 7
70 37
58 5
73 34
59 2
76 31
79 28
82 25
85 22
59 4
61 2
62 1
1 65
2 62
2 64
88 19
91 16
94 13
97 10
4 62
100 7
103 4
5 59
106 1
1 109
5 61
4 106
7 59
8 56
8 58
10 56
7 103
11 53
10 100
11 55
13 97
13 53
16 94
14 50
19 91
22 88
14 52
25 85
28 82
16 50
31 79
34 76
17 47
17 49
19 47
37 73
20 44
20 46
40 70
43 67
46 64
22 44
49 61
23 41
23 43
25 41
26 38
52 58
26 40
28 38
55 55
58 52
61 49
29 35
29 37
31 35
32 32
64 46
32 34
34 32
67 43
35 29
70 40
35 31
73 37
76 34
37 29
79 31
82 28
38 26
85 25
88 22
91 19
94 16
97 13
38 28
100 10
40 26
41 23
41 25
43 23
44 20
103 7
44 22
106 4
109 1
1 112
4 109
46 20
7 106
47 17
47 19
10 103
49 17
50 14
13 100
16 97
19 94
22 91
25 88
28 85
50 16
31 82
52 14
53 11
34 79
53 13
37 76
40 73
43 70
55 11
46 67
56 8
56 10
58 8
49 64
59 5
59 7
52 61
55 58
61 5
58 55
62 2
61 52
62 4
64 2
65 1
64 49
1 68
2 65
2 67
67 46
4 65
5 62
5 64
7 62
8 59
70 43
8 61
73 40
10 59
76 37
79 34
11 56
11 58
13 56
14 53
82 31
14 55
16 53
17 50
17 52
19 50
20 47
20 49
22 47
23 44
23 46
85 28
88 25
91 22
25 44
26 41
94 19
26 43
28 41
97 16
100 13
103 10
106 7
29 38
29 40
109 4
112 1
31 38
1 115
4 112
32 35
7 109
32 37
10 106
13 103
34 35
16 100
19 97
35 32
22 94
25 91
35 34
28 88
31 85
37 32
34 82
37 79
38 29
38 31
40 76
40 29
43 73
46 70
49 67
41 26
41 28
52 64
55 61
58 58
43 26
61 55
44 23
44 25
64 52
46 23
67 49
70 46
47 20
73 43
76 40
47 22
79 37
82 34
49 20
85 31
88 28
50 17
50 19
52 17
53 14
53 16
91 25
55 14
94 22
97 19
100 16
103 13
106 10
109 7
112 4
56 11
115 1
1 118
56 13
58 11
4 115
7 112
10 109
59 8
13 106
16 103
59 10
19 100
22 97
61 8
25 94
28 91
62 5
62 7
31 88
64 5
65 2
34 85
37 82
40 79
65 4
67 2
43 76
46 73
68 1
49 70
52 67
1 71
55 64
58 61
61 58
2 68
64 55
2 70
67 52
4 68
70 49
73 46
76 43
79 40
82 37
85 34
88 31
5 65
91 28
94 25
5 67
97 22
7 65
100 19
103 16
8 62
8 64
10 62
11 59
106 13
109 10
112 7
11 61
13 59
14 56
115 4
118 1
14 58
16 56
1 121
4 118
7 115
17 53
17 55
19 53
10 112
13 109
16 106
20 50
20 52
19 103
22 50
23 47
22 100
23 49
25 97
25 47
28 94
31 91
34 88
37 85
40 82
43 79
26 44
26 46
28 44
29 41
46 76
29 43
31 41
32 38
32 40
34 38
35 35
35 37
37 35
49 73
38 32
52 70
38 34
40 32
55 67
58 64
41 29
41 31
43 29
61 61
44 26
44 28
46 26
64 58
47 23
47 25
67 55
49 23
70 52
73 49
50 20
50 22
76 46
79 43
52 20
53 17
53 19
55 17
56 14
82 40
85 37
56 16
88 34
58 14
91 31
59 11
94 28
59 13
97 25
61 11
62 8
100 22
62 10
64 8
103 19
106 16
65 5
65 7
67 5
109 13
68 2
68 4
112 10
70 2
115 7
71 1
1 74
2 71
118 4
2 73
4 71
121 1
1 124
5 68
5 70
7 68
8 65
4 121
7 118
10 115
8 67
10 65
13 112
16 109
11 62
11 64
19 106
13 62
22 103
14 59
14 61
25 100
28 97
31 94
34 91
16 59
17 56
37 88
40 85
17 58
19 56
43 82
20 53
20 55
22 53
23 50
46 79
49 76
52 73
23 52
25 50
55 70
58 67
61 64
26 47
26 49
64 61
28 47
67 58
29 44
70 55
73 52
29 46
31 44
32 41
76 49
32 43
79 46
82 43
34 41
35 38
35 40
85 40
37 38
38 35
38 37
40 35
41 32
88 37
41 34
91 34
94 31
97 28
43 32
100 25
44 29
103 22
44 31
106 19
46 29
109 16
112 13
47 26
115 10
47 28
49 26
50 23
118 7
121 4
124 1
50 25
1 127
4 124
7 121
52 23
10 118
13 115
53 20
53 22
55 20
56 17
56 19
58 17
16 112
19 109
22 106
25 103
59 14
59 16
61 14
62 11
62 13
64 11
28 100
31 97
34 94
65 8
65 10
67 8
37 91
40 88
68 5
68 7
70 5
43 85
46 82
49 79
71 2
71 4
73 2
74 1
1 77
52 76
2 74
2 76
55 73
4 74
5 71
5 73
58 70
61 67
64 64
67 61
70 58
73 55
7 71
8 68
8 70
10 68
11 65
11 67
76 52
13 65
14 62
14 64
79 49
16 62
17 59
17 61
82 46
85 43
19 59
88 40
91 37
94 34
97 31
100 28
103 25
20 56
106 22
109 19
20 58
22 56
112 16
115 13
23 53
23 55
25 53
118 10
26 50
121 7
124 4
127 1
1 130
4 127
7 124
26 52
10 121
13 118
16 115
28 50
19 112
29 47
22 109
29 49
31 47
32 44
32 46
34 44
25 106
28 103
31 100
35 41
34 97
35 43
37 94
40 91
37 41
38 38
38 40
40 38
43 88
41 35
41 37
43 35
46 85
44 32
44 34
49 82
46 32
52 79
47 29
55 76
47 31
58 73
61 70
49 29
50 26
50 28
52 26
53 23
64 67
53 25
67 64
55 23
56 20
56 22
70 61
73 58
76 55
79 52
82 49
58 20
85 46
88 43
91 40
59 17
94 37
59 19
61 17
62 14
97 34
100 31
103 28
62 16
106 25
109 22
112 19
64 14
115 16
65 11
118 13
65 13
67 11
68 8
121 10
124 7
127 4
68 10
70 8
130 1
1 133
71 5
4 130
7 127
10 124
71 7
73 5
74 2
13 121
16 118
19 115
22 112
25 109
28 106
31 103
74 4
34 100
37 97
40 94
76 2
43 91
77 1
46 88
1 80
49 85
2 77
52 82
2 79
4 77
5 74
5 76
7 74
8 71
55 79
8 73
10 71
11 68
11 70
13 68
14 65
14 67
16 65
17 62
17 64
58 76
19 62
20 59
61 73
20 61
64 70
22 59
23 56
23 58
67 67
70 64
25 56
73 61
76 58
79 55
26 53
26 55
28 53
82 52
29 50
29 52
85 49
31 50
88 46
32 47
32 49
34 47
35 44
35 46
91 43
37 44
94 40
97 37
100 34
38 41
103 31
106 28
109 25
112 22
38 43
40 41
115 19
41 38
118 16
121 13
41 40
43 38
44 35
124 10
127 7
44 37
130 4
46 35
133 1
47 32
1 136
47 34
4 133
7 130
10 127
13 124
49 32
16 121
19 118
22 115
25 112
50 29
50 31
52 29
53 26
28 109
31 106
53 28
55 26
56 23
56 25
34 103
37 100
40 97
43 94
58 23
46 91
49 88
52 85
59 20
55 82
58 79
59 22
61 20
61 76
62 17
64 73
62 19
64 17
65 14
67 70
65 16
67 14
70 67
68 11
73 64
68 13
76 61
79 58
70 11
82 55
71 8
85 52
88 49
91 46
94 43
71 10
97 40
100 37
73 8
103 34
74 5
74 7
106 31
76 5
77 2
109 28
112 25
77 4
115 22
79 2
80 1
1 83
118 19
121 16
2 80
124 13
127 10
2 82
130 7
4 80
133 4
136 1
1 139
5 77
5 79
4 136
7 77
8 74
7 133
8 76
10 130
13 127
16 124
10 74
19 121
11 71
11 73
13 71
14 68
14 70
22 118
16 68
25 115
17 65
17 67
28 112
19 65
20 62
31 109
20 64
22 62
23 59
34 106
23 61
37 103
40 100
43 97
46 94
49 91
25 59
52 88
55 85
58 82
26 56
26 58
61 79
64 76
28 56
67 73
70 70
29 53
29 55
31 53
73 67
32 50
76 64
79 61
32 52
82 58
85 55
34 50
35 47
88 52
35 49
37 47
91 49
38 44
94 46
97 43
100 40
103 37
106 34
38 46
40 44
109 31
41 41
112 28
41 43
43 41
44 38
115 25
118 22
44 40
121 19
46 38
47 35
124 16
47 37
49 35
127 13
130 10
133 7
50 32
136 4
139 1
1 142
50 34
52 32
53 29
53 31
55 29
56 26
56 28
4 139
7 136
58 26
59 23
59 25
61 23
62 20
62 22
10 133
64 20
65 17
65 19
67 17
13 130
68 14
68 16
70 14
16 127
19 124
71 11
22 121
25 118
28 115
71 13
73 11
31 112
34 109
37 106
40 103
74 8
43 100
74 10
46 97
76 8
77 5
77 7
79 5
80 2
80 4
82 2
49 94
52 91
83 1
55 88
58 85
61 82
1 86
2 83
64 79
2 85
4 83
5 80
67 76
70 73
5 82
73 70
7 80
8 77
76 67
8 79
79 64
82 61
10 77
85 58
88 55
11 74
91 52
11 76
94 49
13 74
14 71
97 46
14 73
16 71
100 43
103 40
17 68
17 70
106 37
109 34
112 31
115 28
19 68
20 65
20 67
22 65
23 62
23 64
118 25
121 22
124 19
127 16
130 13
133 10
136 7
139 4
25 62
26 59
142 1
1 145
4 142
26 61
28 59
7 139
29 56
29 58
31 56
32 53
10 136
13 133
16 130
19 127
22 124
25 121
32 55
28 118
31 115
34 112
34 53
35 50
37 109
35 52
37 50
38 47
40 106
43 103
46 100
38 49
49 97
40 47
52 94
41 44
41 46
43 44
55 91
58 88
44 41
44 43
46 41
47 38
47 40
49 38
61 85
50 35
50 37
64 82
67 79
70 76
73 73
52 35
53 32
76 70
79 67
82 64
53 34
55 32
85 61
88 58
56 29
91 55
56 31
94 52
97 49
58 29
59 26
100 46
103 43
59 28
61 26
62 23
106 40
109 37
62 25
112 34
64 23
65 20
65 22
67 20
68 17
115 31
118 28
121 25
68 19
124 22
127 19
70 17
71 14
71 16
130 16
73 14
74 11
74 13
76 11
133 13
77 8
77 10
79 8
80 5
136 10
139 7
80 7
142 4
82 5
145 1
1 148
83 2
4 145
7 142
83 4
85 2
10 139
86 1
1 89
13 136
2 86
2 88
4 86
5 83
5 85
7 83
16 133
19 130
22 127
25 124
28 121
31 118
34 115
37 112
8 80
40 109
8 82
43 106
10 80
46 103
49 100
11 77
52 97
11 79
13 77
55 94
14 74
14 76
58 91
16 74
17 71
17 73
19 71
20 68
20 70
61 88
22 68
64 85
67 82
70 79
23 65
23 67
73 76
25 65
76 73
26 62
26 64
79 70
82 67
28 62
85 64
88 61
91 58
29 59
29 61
94 55
31 59
97 52
32 56
100 49
32 58
103 46
106 43
109 40
112 37
115 34
118 31
121 28
124 25
34 56
35 53
35 55
37 53
38 50
38 52
40 50
41 47
127 22
130 19
41 49
43 47
133 16
44 44
136 13
44 46
46 44
139 10
142 7
145 4
47 41
47 43
148 1
49 41
1 151
4 148
50 38
50 40
7 145
52 38
10 142
53 35
13 139
16 136
53 37
19 133
55 35
56 32
56 34
58 32
59 29
59 31
22 130
61 29
25 127
28 124
62 26
31 121
62 28
64 26
34 118
65 23
37 115
40 112
43 109
46 106
65 25
49 103
52 100
67 23
68 20
55 97
58 94
68 22
61 91
70 20
64 88
71 17
71 19
73 17
74 14
74 16
67 85
70 82
76 14
77 11
77 13
79 11
73 79
80 8
76 76
80 10
79 73
82 8
83 5
83 7
82 70
85 5
86 2
86 4
85 67
88 64
88 2
89 1
91 61
1 92
2 89
2 91
4 89
5 86
5 88
94 58
97 55
100 52
7 86
103 49
8 83
106 46
8 85
109 43
10 83
112 40
11 80
115 37
118 34
11 82
121 31
13 80
124 28
127 25
130 22
14 77
14 79
16 77
17 74
133 19
136 16
17 76
19 74
139 13
142 10
145 7
148 4
20 71
20 73
22 71
151 1
1 154
23 68
23 70
25 68
26 65
4 151
26 67
28 65
7 148
29 62
29 64
10 145
13 142
16 139
31 62
19 136
32 59
22 133
32 61
25 130
34 59
28 127
31 124
34 121
35 56
35 58
37 56
38 53
38 55
37 118
40 53
40 115
43 112
46 109
41 50
49 106
52 103
55 100
41 52
58 97
61 94
64 91
67 88
70 85
73 82
43 50
76 79
44 47
44 49
79 76
82 73
46 47
85 70
88 67
47 44
47 46
49 44
50 41
91 64
50 43
52 41
94 61
53 38
53 40
97 58
100 55
103 52
106 49
109 46
55 38
112 43
56 35
115 40
118 37
121 34
56 37
58 35
124 31
59 32
127 28
59 34
130 25
61 32
62 29
133 22
136 19
139 16
62 31
64 29
142 13
65 26
65 28
67 26
145 10
68 23
148 7
68 25
70 23
71 20
151 4
71 22
73 20
154 1
1 157
74 17
74 19
4 154
76 17
77 14
77 16
7 151
79 14
10 148
13 145
16 142
19 139
22 136
80 11
80 13
25 133
28 130
82 11
31 127
83 8
34 124
83 10
37 121
85 8
86 5
40 118
43 115
46 112
49 109
86 7
52 106
55 103
58 100
61 97
64 94
88 5
67 91
70 88
73 85
89 2
76 82
89 4
91 2
92 1
1 95
79 79
82 76
2 92
2 94
4 92
5 89
85 73
5 91
88 70
7 89
91 67
94 64
8 86
8 88
10 86
11 83
11 85
97 61
13 83
100 58
14 80
103 55
14 82
106 52
16 80
17 77
109 49
112 46
115 43
17 79
118 40
19 77
20 74
20 76
121 37
124 34
127 31
130 28
22 74
133 25
23 71
23 73
25 71
136 22
26 68
139 19
142 16
145 13
26 70
148 10
151 7
28 68
154 4
157 1
29 65
1 160
4 157
29 67
7 154
10 151
13 148
16 145
31 65
19 142
32 62
32 64
34 62
22 139
25 136
35 59
28 133
35 61
37 59
31 130
34 127
37 124
40 121
43 118
46 115
38 56
49 112
38 58
40 56
41 53
52 109
41 55
55 106
43 53
44 50
58 103
44 52
46 50
47 47
61 100
47 49
49 47
50 44
64 97
50 46
52 44
53 41
53 43
55 41
67 94
56 38
56 40
70 91
73 88
76 85
79 82
82 79
58 38
85 76
88 73
91 70
94 67
59 35
97 64
59 37
61 35
100 61
103 58
106 55
109 52
62 32
62 34
64 32
65 29
112 49
65 31
67 29
115 46
118 43
121 40
124 37
127 34
130 31
68 26
68 28
133 28
136 25
70 26
139 22
71 23
142 19
71 25
145 16
148 13
73 23
74 20
74 22
76 20
151 10
77 17
77 19
79 17
154 7
80 14
80 16
157 4
82 14
160 1
1 163
4 160
7 157
10 154
83 11
83 13
13 151
85 11
16 148
19 145
86 8
86 10
88 8
22 142
89 5
89 7
91 5
25 139
92 2
92 4
28 136
94 2
31 133
95 1
1 98
2 95
2 97
34 130
37 127
40 124
4 95
43 121
5 92
46 118
5 94
49 115
52 112
7 92
55 109
58 106
61 103
8 89
64 100
8 91
67 97
70 94
10 89
73 91
76 88
11 86
11 88
79 85
82 82
13 86
85 79
14 83
14 85
16 83
17 80
17 82
88 76
19 80
20 77
91 73
94 70
20 79
22 77
97 67
100 64
103 61
106 58
23 74
23 76
109 55
25 74
26 71
26 73
112 52
28 71
29 68
29 70
31 68
115 49
32 65
118 46
121 43
124 40
32 67
127 37
130 34
133 31
136 28
139 25
142 22
145 19
148 16
34 65
151 13
154 10
157 7
35 62
35 64
160 4
37 62
163 1
38 59
38 61
1 166
40 59
4 163
7 160
10 157
41 56
41 58
13 154
16 151
19 148
22 145
25 142
43 56
44 53
44 55
46 53
47 50
47 52
49 50
50 47
50 49
28 139
31 136
52 47
53 44
53 46
55 44
56 41
34 133
37 130
40 127
43 124
56 43
46 121
49 118
58 41
52 115
59 38
59 40
55 112
58 109
61 38
62 35
62 37
64 35
61 106
64 103
67 100
65 32
70 97
73 94
76 91
65 34
79 88
82 85
85 82
88 79
67 32
91 76
94 73
68 29
97 70
100 67
68 31
103 64
106 61
109 58
112 55
115 52
70 29
118 49
121 46
71 26
71 28
124 43
127 40
73 26
74 23
130 37
133 34
74 25
136 31
139 28
142 25
145 22
76 23
77 20
77 22
79 20
148 19
151 16
154 13
157 10
160 7
80 17
80 19
82 17
83 14
163 4
166 1
83 16
85 14
86 11
1 169
4 166
7 163
86 13
10 160
88 11
89 8
13 157
16 154
19 151
89 10
22 148
91 8
25 145
28 142
31 139
34 136
92 5
92 7
37 133
40 130
94 5
95 2
95 4
97 2
98 1
43 127
46 124
1 101
2 98
49 121
52 118
2 100
55 115
4 98
5 95
5 97
58 112
7 95
61 109
64 106
67 103
70 100
73 97
8 92
76 94
79 91
8 94
82 88
10 92
85 85
11 89
11 91
13 89
14 86
88 82
14 88
16 86
91 79
17 83
17 85
94 76
19 83
20 80
20 82
97 73
22 80
100 70
103 67
23 77
23 79
25 77
106 64
109 61
112 58
115 55
118 52
121 49
124 46
127 43
130 40
26 74
133 37
26 76
136 34
28 74
29 71
29 73
31 71
32 68
32 70
34 68
35 65
35 67
37 65
139 31
142 28
38 62
38 64
40 62
145 25
148 22
151 19
41 59
41 61
154 16
157 13
43 59
160 10
44 56
44 58
46 56
47 53
163 7
166 4
169 1
1 172
4 169
47 55
7 166
49 53
50 50
50 52
52 50
53 47
10 163
53 49
13 160
16 157
19 154
55 47
22 151
25 148
56 44
28 145
31 142
56 46
34 139
58 44
59 41
37 136
40 133
43 130
46 127
49 124
59 43
61 41
62 38
62 40
64 38
52 121
65 35
55 118
58 115
65 37
67 35
61 112
68 32
68 34
70 32
71 29
71 31
64 109
67 106
70 103
73 100
73 29
76 97
79 94
74 26
74 28
76 26
82 91
77 23
77 25
79 23
85 88
88 85
91 82
80 20
80 22
94 79
97 76
100 73
103 70
82 20
106 67
83 17
109 64
83 19
85 17
112 61
115 58
118 55
121 52
86 14
86 16
124 49
88 14
127 46
89 11
89 13
91 11
92 8
130 43
133 40
92 10
94 8
136 37
95 5
95 7
139 34
142 31
145 28
148 25
97 5
98 2
151 22
154 19
98 4
100 2
157 16
160 13
101 1
1 104
163 10
2 101
166 7
169 4
2 103
4 101
172 1
1 175
5 98
4 172
5 100
7 169
7 98
10 166
8 95
8 97
13 163
10 95
16 160
11 92
11 94
19 157
22 154
13 92
25 151
28 148
31 145
14 89
34 142
37 139
40 136
14 91
43 133
46 130
16 89
17 86
17 88
49 127
19 86
20 83
52 124
55 121
20 85
22 83
23 80
58 118
23 82
61 115
25 80
64 112
67 109
70 106
26 77
26 79
73 103
28 77
29 74
76 100
79 97
29 76
31 74
32 71
82 94
85 91
32 73
34 71
88 88
35 68
91 85
35 70
37 68
38 65
94 82
38 67
40 65
41 62
97 79
41 64
43 62
44 59
100 76
44 61
103 73
106 70
109 67
46 59
112 64
115 61
118 58
47 56
47 58
121 55
124 52
127 49
49 56
130 46
133 43
50 53
136 40
139 37
142 34
50 55
145 31
148 28
52 53
151 25
53 50
53 52
154 22
157 19
55 50
160 16
56 47
163 13
166 10
169 7
172 4
56 49
58 47
175 1
59 44
59 46
61 44
1 178
62 41
4 175
62 43
7 172
10 169
64 41
65 38
13 166
16 163
65 40
19 160
67 38
68 35
22 157
25 154
68 37
28 151
31 148
70 35
71 32
71 34
73 32
74 29
34 145
74 31
37 142
76 29
77 26
40 139
43 136
77 28
46 133
79 26
80 23
49 130
52 127
55 124
58 121
61 118
64 115
67 112
80 25
70 109
82 23
73 106
76 103
79 100
82 97
83 20
85 94
88 91
83 22
85 20
91 88
86 17
94 85
97 82
86 19
88 17
100 79
89 14
103 76
106 73
89 16
91 14
92 11
92 13
94 11
95 8
109 70
112 67
115 64
95 10
97 8
98 5
118 61
121 58
124 55
127 52
130 49
133 46
136 43
139 40
98 7
142 37
100 5
145 34
101 2
148 31
101 4
151 28
154 25
103 2
157 22
104 1
1 107
2 104
2 106
4 104
160 19
5 101
5 103
7 101
8 98
163 16
166 13
169 10
8 100
10 98
11 95
172 7
175 4
178 1
11 97
13 95
1 181
14 92
4 178
14 94
7 175
10 172
13 169
16 166
16 92
17 89
19 163
22 160
17 91
25 157
19 89
20 86
20 88
22 86
23 83
23 85
28 154
25 83
31 151
34 148
37 145
26 80
26 82
40 142
28 80
43 139
29 77
46 136
49 133
52 130
55 127
58 124
61 121
64 118
67 115
29 79
70 112
31 77
73 109
76 106
32 74
79 103
32 76
34 74
35 71
35 73
82 100
85 97
88 94
37 71
38 68
91 91
38 70
94 88
40 68
41 65
41 67
43 65
44 62
44 64
97 85
100 82
103 79
46 62
106 76
47 59
109 73
47 61
112 70
49 59
115 67
50 56
50 58
52 56
118 64
53 53
121 61
124 58
127 55
53 55
130 52
133 49
136 46
55 53
139 43
56 50
56 52
142 40
58 50
59 47
145 37
59 49
148 34
61 47
151 31
62 44
62 46
64 44
65 41
65 43
154 28
67 41
157 25
68 38
68 40
160 22
163 19
166 16
169 13
172 10
175 7
178 4
181 1
70 38
1 184
71 35
4 181
7 178
10 175
71 37
73 35
13 172
16 169
74 32
19 166
74 34
22 163
25 160
76 32
77 29
77 31
79 29
80 26
80 28
28 157
82 26
83 23
31 154
83 25
85 23
34 151
86 20
86 22
37 148
40 145
88 20
89 17
43 142
46 139
49 136
52 133
89 19
55 130
58 127
91 17
61 124
64 121
67 118
92 14
70 115
92 16
73 112
76 109
94 14
95 11
95 13
97 11
98 8
98 10
79 106
100 8
101 5
82 103
85 100
88 97
91 94
101 7
103 5
94 91
97 88
100 85
103 82
104 2
106 79
109 76
104 4
106 2
107 1
112 73
1 110
2 107
2 109
4 107
115 70
5 104
118 67
121 64
5 106
124 61
127 58
130 55
133 52
136 49
7 104
139 46
142 43
8 101
8 103
10 101
11 98
145 40
148 37
11 100
13 98
151 34
14 95
154 31
14 97
16 95
17 92
17 94
157 28
160 25
163 22
19 92
166 19
20 89
20 91
169 16
172 13
22 89
175 10
178 7
23 86
23 88
181 4
184 1
1 187
4 184
7 181
25 86
10 178
13 175
26 83
16 172
19 169
22 166
25 163
26 85
28 83
28 160
31 157
29 80
34 154
29 82
31 80
37 151
40 148
32 77
32 79
43 145
34 77
46 142
49 139
52 136
55 133
58 130
61 127
35 74
64 124
67 121
70 118
73 115
35 76
76 112
79 109
37 74
82 106
85 103
88 100
38 71
91 97
38 73
40 71
94 94
41 68
41 70
97 91
100 88
103 85
43 68
106 82
44 65
44 67
109 79
46 65
112 76
47 62
47 64
49 62
115 73
118 70
50 59
50 61
52 59
121 67
53 56
124 64
127 61
53 58
55 56
56 53
56 55
130 58
58 53
59 50
59 52
61 50
62 47
133 55
136 52
62 49
64 47
65 44
65 46
139 49
142 46
67 44
68 41
68 43
70 41
71 38
145 43
71 40
148 40
151 37
73 38
74 35
74 37
154 34
76 35
157 31
160 28
163 25
77 32
77 34
79 32
80 29
80 31
166 22
82 29
83 26
169 19
172 16
83 28
85 26
175 13
86 23
86 25
88 23
178 10
89 20
181 7
184 4
187 1
1 190
89 22
4 187
7 184
91 20
10 181
92 17
13 178
92 19
94 17
95 14
95 16
97 14
16 175
19 172
22 169
98 11
25 166
28 163
31 160
34 157
37 154
98 13
100 11
101 8
40 151
43 148
46 145
101 10
49 142
103 8
52 139
104 5
55 136
104 7
106 5
58 133
107 2
61 130
107 4
64 127
67 124
70 121
109 2
73 118
110 1
76 115
1 113
79 112
2 110
82 109
85 106
88 103
2 112
4 110
5 107
5 109
91 100
7 107
8 104
8 106
10 104
94 97
97 94
11 101
11 103
100 91
13 101
14 98
103 88
14 100
16 98
106 85
17 95
17 97
19 95
20 92
20 94
22 92
23 89
109 82
112 79
23 91
25 89
26 86
115 76
118 73
26 88
121 70
28 86
124 67
127 64
130 61
133 58
136 55
29 83
139 52
29 85
31 83
142 49
32 80
145 46
32 82
34 80
148 43
151 40
154 37
35 77
35 79
37 77
157 34
160 31
38 74
38 76
163 28
166 25
40 74
41 71
41 73
43 71
169 22
172 19
175 16
178 13
44 68
44 70
46 68
47 65
47 67
49 65
50 62
181 10
50 64
52 62
53 59
53 61
184 7
55 59
187 4
56 56
56 58
190 1
58 56
1 193
4 190
7 187
10 184
13 181
16 178
19 175
59 53
59 55
22 172
61 53
25 169
62 50
62 52
28 166
31 163
34 160
37 157
40 154
43 151
46 148
49 145
64 50
65 47
65 49
52 142
55 139
67 47
68 44
68 46
58 136
70 44
71 41
61 133
64 130
67 127
71 43
70 124
73 121
73 41
76 118
74 38
79 115
82 112
85 109
74 40
76 38
77 35
88 106
77 37
79 35
80 32
80 34
91 103
82 32
94 100
83 29
83 31
97 97
85 29
100 94
103 91
106 88
109 85
86 26
112 82
115 79
118 76
121 73
86 28
88 26
89 23
124 70
89 25
91 23
127 67
130 64
92 20
92 22
94 20
133 61
136 58
95 17
139 55
142 52
95 19
145 49
97 17
148 46
151 43
154 40
157 37
98 14
98 16
100 14
160 34
101 11
101 13
103 11
104 8
104 10
106 8
163 31
166 28
107 5
107 7
109 5
110 2
110 4
169 25
112 2
172 22
175 19
113 1
1 116
178 16
181 13
2 113
184 10
2 115
4 113
187 7
5 110
190 4
5 112
7 110
193 1
8 107
1 196
8 109
10 107
11 104
11 106
4 193
7 190
10 187
13 104
14 101
13 184
16 181
14 103
16 101
19 178
22 175
17 98
25 172
28 169
31 166
34 163
37 160
17 100
40 157
19 98
43 154
20 95
46 151
49 148
52 145
20 97
22 95
23 92
23 94
55 142
25 92
26 89
58 139
61 136
26 91
64 133
28 89
29 86
67 130
29 88
70 127
73 124
31 86
76 121
79 118
82 115
32 83
32 85
34 83
85 112
35 80
88 109
35 82
91 106
94 103
37 80
97 100
38 77
100 97
38 79
103 94
40 77
41 74
41 76
106 91
43 74
109 88
44 71
44 73
46 71
112 85
115 82
118 79
47 68
47 70
49 68
121 76
124 73
127 70
50 65
130 67
133 64
136 61
139 58
50 67
52 65
142 55
53 62
145 52
148 49
53 64
55 62
151 46
56 59
154 43
157 40
160 37
56 61
163 34
58 59
166 31
169 28
172 25
59 56
175 22
59 58
61 56
62 53
178 19
62 55
181 16
184 13
187 10
190 7
64 53
193 4
65 50
65 52
67 50
68 47
196 1
68 49
1 199
70 47
71 44
71 46
4 196
7 193
73 44
74 41
74 43
10 190
76 41
77 38
77 40
79 38
13 187
80 35
80 37
16 184
19 181
82 35
83 32
83 34
85 32
22 178
25 175
28 172
31 169
86 29
34 166
37 163
86 31
88 29
89 26
89 28
40 160
43 157
46 154
49 151
91 26
92 23
92 25
94 23
95 20
95 22
52 148
97 20
55 145
98 17
58 142
98 19
100 17
61 139
64 136
67 133
101 14
101 16
70 130
73 127
103 14
76 124
79 121
104 11
104 13
106 11
107 8
82 118
107 10
109 8
85 115
110 5
88 112
91 109
110 7
112 5
113 2
94 106
113 4
97 103
100 100
103 97
115 2
116 1
1 119
106 94
2 116
2 118
4 116
109 91
5 113
5 115
112 88
7 113
115 85
8 110
8 112
10 110
118 82
11 107
11 109
13 107
121 79
14 104
124 76
127 73
14 106
16 104
17 101
17 103
130 70
19 101
20 98
20 100
133 67
22 98
136 64
23 95
139 61
23 97
142 58
25 95
26 92
26 94
145 55
148 52
28 92
29 89
29 91
31 89
32 86
151 49
32 88
154 46
157 43
34 86
160 40
35 83
35 85
163 37
166 34
37 83
38 80
38 82
40 80
169 31
172 28
41 77
41 79
43 77
44 74
44 76
175 25
178 22
181 19
184 16
46 74
47 71
47 73
187 13
190 10
193 7
196 4
199 1
49 71
1 202
50 68
50 70
4 199
7 196
52 68
10 193
13 190
16 187
19 184
22 181
25 178
28 175
53 65
31 172
53 67
34 169
55 65
56 62
37 166
40 163
56 64
43 160
58 62
46 157
59 59
49 154
52 151
55 148
59 61
58 145
61 142
64 139
61 59
62 56
62 58
64 56
67 136
65 53
65 55
67 53
70 133
68 50
73 130
76 127
68 52
70 50
71 47
79 124
82 121
85 118
71 49
88 115
91 112
73 47
94 109
74 44
74 46
76 44
77 41
97 106
100 103
77 43
79 41
80 38
80 40
82 38
103 100
106 97
109 94
112 91
115 88
83 35
118 85
121 82
83 37
124 79
85 35
86 32
86 34
88 32
127 76
130 73
89 29
89 31
133 70
91 29
92 26
92 28
94 26
95 23
95 25
136 67
97 23
98 20
98 22
100 20
101 17
101 19
139 64
103 17
142 61
104 14
104 16
106 14
145 58
107 11
107 13
109 11
148 55
151 52
110 8
154 49
110 10
157 46
160 43
112 8
163 40
113 5
113 7
166 37
115 5
169 34
172 31
116 2
175 28
116 4
118 2
119 1
1 122
2 119
2 121
178 25
4 119
181 22
5 116
5 118
184 19
187 16
190 13
7 116
8 113
193 10
196 7
199 4
202 1
8 115
10 113
11 110
11 112
13 110
14 107
14 109
1 205
16 107
4 202
7 199
10 196
13 193
17 104
17 106
19 104
20 101
16 190
20 103
22 101
23 98
19 187
23 100
22 184
25 98
26 95
26 97
28 95
25 181
29 92
29 94
31 92
32 89
32 91
34 89
35 86
28 178
31 175
35 88
37 86
38 83
34 172
37 169
38 85
40 166
43 163
46 160
49 157
40 83
52 154
41 80
41 82
43 80
55 151
58 148
44 77
44 79
46 77
61 145
64 142
47 74
47 76
49 74
50 71
67 139
70 136
50 73
52 71
73 133
53 68
53 70
55 68
56 65
76 130
56 67
58 65
59 62
79 127
82 124
59 64
85 121
61 62
88 118
62 59
62 61
64 59
65 56
91 115
94 112
65 58
67 56
97 109
100 106
103 103
106 100
109 97
68 53
68 55
70 53
71 50
71 52
73 50
74 47
112 94
74 49
115 91
118 88
76 47
77 44
77 46
121 85
124 82
79 44
80 41
80 43
127 79
82 41
83 38
130 76
83 40
133 73
85 38
86 35
86 37
88 35
136 70
89 32
139 67
142 64
145 61
148 58
89 34
151 55
154 52
157 49
91 32
92 29
160 46
163 43
92 31
94 29
166 40
169 37
172 34
95 26
175 31
95 28
97 26
98 23
178 28
181 25
98 25
184 22
100 23
187 19
101 20
101 22
190 16
193 13
196 10
199 7
103 20
202 4
205 1
104 17
1 208
104 19
4 205
106 17
107 14
7 202
107 16
109 14
110 11
110 13
112 11
113 8
113 10
10 199
13 196
16 193
19 190
115 8
116 5
22 187
116 7
118 5
119 2
119 4
25 184
28 181
121 2
31 178
122 1
1 125
2 122
34 175
2 124
4 122
5 119
37 172
5 121
7 119
40 169
43 166
46 163
8 116
49 160
8 118
10 116
52 157
55 154
11 113
58 151
61 148
64 145
67 142
11 115
13 113
14 110
70 139
73 136
14 112
16 110
17 107
76 133
17 109
19 107
20 104
20 106
79 130
22 104
23 101
82 127
23 103
85 124
88 121
25 101
26 98
26 100
28 98
91 118
29 95
94 115
97 112
29 97
31 95
32 92
32 94
100 109
34 92
103 106
106 103
35 89
35 91
37 89
109 100
112 97
38 86
115 94
38 88
118 91
40 86
41 83
121 88
124 85
41 85
43 83
127 82
130 79
133 76
44 80
136 73
44 82
139 70
142 67
145 64
46 80
47 77
47 79
49 77
148 61
151 58
154 55
157 52
50 74
50 76
52 74
160 49
163 46
166 43
169 40
53 71
53 73
55 71
172 37
56 68
56 70
58 68
175 34
59 65
178 31
181 28
59 67
61 65
62 62
184 25
187 22
190 19
62 64
64 62
193 16
65 59
65 61
196 13
199 10
202 7
67 59
68 56
205 4
208 1
1 211
4 208
68 58
7 205
70 56
10 202
13 199
16 196
71 53
71 55
73 53
74 50
74 52
76 50
19 193
77 47
22 190
25 187
77 49
79 47
28 184
31 181
34 178
37 175
40 172
80 44
43 169
80 46
82 44
83 41
83 43
46 166
85 41
49 163
52 160
86 38
55 157
86 40
58 154
88 38
61 151
64 148
89 35
89 37
67 145
91 35
92 32
92 34
70 142
94 32
73 139
76 136
95 29
79 133
95 31
97 29
98 26
82 130
85 127
88 124
91 121
94 118
98 28
100 26
97 115
100 112
101 23
101 25
103 109
103 23
106 106
109 103
104 20
104 22
106 20
107 17
107 19
112 100
115 97
109 17
118 94
110 14
110 16
112 14
121 91
113 11
113 13
115 11
116 8
124 88
127 85
116 10
118 8
119 5
119 7
121 5
122 2
122 4
130 82
133 79
136 76
139 73
124 2
125 1
1 128
2 125
2 127
4 125
142 70
5 122
5 124
145 67
148 64
7 122
151 61
154 58
8 119
157 55
8 121
10 119
11 116
11 118
160 52
163 49
13 116
14 113
14 115
16 113
166 46
17 110
169 43
17 112
19 110
20 107
172 40
175 37
20 109
22 107
178 34
23 104
23 106
181 31
184 28
187 25
25 104
26 101
190 22
26 103
193 19
28 101
196 16
29 98
199 13
202 10
29 100
205 7
208 4
31 98
32 95
211 1
32 97
1 214
34 95
35 92
4 211
35 94
37 92
38 89
7 208
38 91
40 89
41 86
10 205
13 202
41 88
16 199
19 196
22 193
25 190
43 86
44 83
28 187
44 85
31 184
46 83
47 80
34 181
37 178
40 175
47 82
49 80
50 77
50 79
43 172
46 169
52 77
53 74
53 76
55 74
49 166
56 71
52 163
55 160
56 73
58 71
58 157
61 154
64 151
67 148
70 145
59 68
73 142
76 139
79 136
59 70
61 68
62 65
82 133
85 130
88 127
91 124
94 121
97 118
62 67
100 115
103 112
106 109
109 106
112 103
64 65
115 100
118 97
65 62
121 94
65 64
67 62
68 59
68 61
70 59
71 56
124 91
71 58
73 56
74 53
74 55
76 53
77 50
77 52
127 88
79 50
80 47
80 49
82 47
83 44
83 46
85 44
130 85
133 82
136 79
139 76
142 73
86 41
86 43
145 70
88 41
148 67
151 64
154 61
157 58
89 38
89 40
160 55
91 38
92 35
163 52
92 37
94 35
95 32
95 34
166 49
97 32
169 46
98 29
172 43
98 31
175 40
100 29
101 26
101 28
178 37
181 34
103 26
104 23
184 31
104 25
187 28
190 25
106 23
107 20
193 22
196 19
107 22
199 16
202 13
109 20
205 10
110 17
208 7
110 19
211 4
214 1
1 217
112 17
4 214
113 14
113 16
115 14
116 11
116 13
7 211
118 11
119 8
119 10
121 8
122 5
10 208
122 7
124 5
125 2
13 205
16 202
125 4
127 2
128 1
1 131
19 199
2 128
22 196
25 193
2 130
4 128
5 125
5 127
7 125
8 122
8 124
28 190
10 122
11 119
31 187
34 184
11 121
13 119
37 181
40 178
14 116
14 118
43 175
16 116
17 113
17 115
19 113
46 172
20 110
49 169
20 112
22 110
52 166
23 107
23 109
55 163
58 160
25 107
26 104
26 106
28 104
61 157
29 101
64 154
67 151
70 148
29 103
31 101
32 98
73 145
76 142
79 139
82 136
85 133
88 130
91 127
32 100
34 98
94 124
35 95
35 97
37 95
97 121
100 118
103 115
38 92
38 94
106 112
109 109
112 106
115 103
40 92
118 100
41 89
121 97
41 91
43 89
44 86
124 94
127 91
44 88
130 88
46 86
133 85
136 82
47 83
139 79
142 76
145 73
148 70
151 67
154 64
47 85
157 61
160 58
163 55
49 83
50 80
50 82
166 52
169 49
52 80
53 77
172 46
53 79
55 77
56 74
175 43
56 76
58 74
178 40
181 37
59 71
184 34
187 31
59 73
190 28
193 25
196 22
199 19
61 71
62 68
62 70
64 68
65 65
65 67
67 65
68 62
68 64
202 16
70 62
205 13
208 10
71 59
71 61
73 59
74 56
211 7
214 4
217 1
74 58
1 220
4 217
76 56
77 53
77 55
79 53
7 214
80 50
80 52
10 211
82 50
83 47
13 208
83 49
16 205
19 202
22 199
25 196
28 193
31 190
34 187
85 47
86 44
86 46
88 44
89 41
89 43
37 184
40 181
43 178
91 41
92 38
92 40
46 175
94 38
49 172
52 169
95 35
55 166
95 37
97 35
58 163
98 32
61 160
64 157
98 34
67 154
100 32
70 151
101 29
101 31
73 148
76 145
79 142
103 29
82 139
85 136
104 26
104 28
106 26
107 23
88 133
107 25
91 130
94 127
109 23
97 124
100 121
110 20
103 118
106 115
109 112
112 109
110 22
112 20
115 106
118 103
113 17
121 100
124 97
127 94
130 91
133 88
113 19
115 17
116 14
136 85
116 16
139 82
118 14
142 79
145 76
119 11
119 13
121 11
122 8
148 73
151 70
122 10
154 67
157 64
124 8
160 61
125 5
163 58
125 7
127 5
128 2
166 55
169 52
172 49
128 4
175 46
130 2
131 1
1 134
178 43
181 40
184 37
2 131
2 133
187 34
190 31
4 131
5 128
5 130
7 128
193 28
8 125
196 25
8 127
199 22
202 19
10 125
11 122
11 124
205 16
13 122
14 119
14 121
16 119
208 13
17 116
17 118
19 116
20 113
211 10
214 7
20 115
217 4
22 113
220 1
1 223
4 220
7 217
10 214
23 110
13 211
23 112
25 110
16 208
19 205
22 202
26 107
25 199
28 196
31 193
34 190
26 109
37 187
28 107
40 184
43 181
46 178
29 104
29 106
31 104
49 175
52 172
32 101
32 103
55 169
34 101
58 166
35 98
35 100
37 98
61 163
38 95
38 97
40 95
41 92
64 160
41 94
43 92
67 157
70 154
44 89
44 91
46 89
73 151
76 148
79 145
82 142
47 86
85 139
47 88
88 136
49 86
91 133
50 83
50 85
94 130
52 83
53 80
97 127
100 124
53 82
103 121
55 80
56 77
106 118
56 79
109 115
58 77
112 112
115 109
59 74
59 76
61 74
118 106
121 103
62 71
62 73
124 100
127 97
64 71
65 68
130 94
133 91
136 88
65 70
67 68
68 65
68 67
139 85
142 82
145 79
70 65
71 62
148 76
71 64
151 73
154 70
157 67
73 62
74 59
74 61
76 59
160 64
77 56
77 58
79 56
80 53
80 55
82 53
83 50
83 52
85 50
163 61
166 58
86 47
169 55
172 52
175 49
178 46
181 43
86 49
88 47
184 40
89 44
89 46
91 44
187 37
190 34
92 41
193 31
92 43
196 28
94 41
199 25
202 22
205 19
208 16
211 13
95 38
95 40
214 10
97 38
98 35
98 37
100 35
101 32
217 7
220 4
223 1
101 34
1 226
4 223
7 220
103 32
104 29
10 217
104 31
106 29
107 26
13 214
16 211
19 208
107 28
109 26
22 205
25 202
110 23
110 25
28 199
112 23
113 20
31 196
113 22
34 193
115 20
37 190
40 187
43 184
116 17
46 181
116 19
49 178
118 17
119 14
52 175
55 172
58 169
61 166
119 16
64 163
67 160
121 14
122 11
122 13
70 157
124 11
73 154
125 8
76 151
79 148
125 10
82 145
127 8
85 142
128 5
128 7
88 139
130 5
131 2
91 136
94 133
131 4
133 2
97 130
134 1
100 127
103 124
106 121
109 118
1 137
2 134
112 115
115 112
118 109
121 106
124 103
2 136
127 100
130 97
4 134
5 131
5 133
7 131
133 94
136 91
8 128
8 130
10 128
139 88
142 85
145 82
11 125
11 127
148 79
13 125
14 122
151 76
154 73
157 70
14 124
16 122
17 119
160 67
163 64
17 121
166 61
19 119
20 116
20 118
169 58
172 55
22 116
23 113
23 115
25 113
26 110
26 112
28 110
175 52
29 107
178 49
181 46
29 109
31 107
184 43
187 40
190 37
193 34
196 31
199 28
32 104
32 106
34 104
202 25
35 101
205 22
208 19
35 103
211 16
37 101
38 98
38 100
214 13
217 10
40 98
220 7
223 4
41 95
226 1
1 229
4 226
41 97
43 95
7 223
44 92
10 220
44 94
46 92
13 217
47 89
16 214
19 211
47 91
49 89
50 86
22 208
50 88
25 205
28 202
31 199
52 86
34 196
53 83
53 85
37 193
40 190
43 187
46 184
55 83
56 80
49 181
52 178
55 175
56 82
58 80
58 172
61 169
59 77
64 166
67 163
70 160
59 79
73 157
61 77
76 154
79 151
62 74
82 148
62 76
85 145
64 74
88 142
91 139
65 71
94 136
97 133
100 130
65 73
67 71
68 68
103 127
106 124
109 121
112 118
115 115
68 70
70 68
71 65
118 112
71 67
73 65
121 109
124 106
127 103
74 62
74 64
76 62
130 100
77 59
133 97
136 94
139 91
77 61
142 88
145 85
148 82
151 79
79 59
154 76
157 73
80 56
160 70
80 58
82 56
163 67
83 53
166 64
83 55
169 61
172 58
85 53
86 50
175 55
178 52
181 49
86 52
184 46
88 50
187 43
190 40
89 47
193 37
196 34
89 49
91 47
199 31
202 28
205 25
208 22
92 44
92 46
94 44
211 19
95 41
214 16
217 13
95 43
220 10
223 7
97 41
226 4
229 1
98 38
98 40
100 38
1 232
101 35
101 37
103 35
4 229
104 32
7 226
104 34
10 223
106 32
13 220
107 29
107 31
16 217
109 29
110 26
110 28
19 214
22 211
25 208
112 26
113 23
28 205
31 202
113 25
115 23
34 199
116 20
37 196
116 22
118 20
119 17
119 19
40 193
43 190
121 17
46 187
49 184
122 14
52 181
55 178
58 175
122 16
124 14
61 172
125 11
64 169
125 13
67 166
70 163
127 11
73 160
128 8
76 157
128 10
79 154
130 8
82 151
131 5
131 7
85 148
133 5
88 145
91 142
134 2
94 139
134 4
136 2
97 136
137 1
1 140
100 133
103 130
106 127
109 124
112 121
2 137
115 118
2 139
118 115
4 137
121 112
124 109
5 134
127 106
5 136
7 134
8 131
8 133
10 131
11 128
11 130
13 128
14 125
130 103
14 127
16 125
17 122
17 124
133 100
19 122
20 119
20 121
22 119
23 116
23 118
25 116
136 97
139 94
26 113
26 115
28 113
29 110
142 91
29 112
31 110
145 88
32 107
32 109
148 85
34 107
35 104
35 106
37 104
38 101
38 103
151 82
154 79
40 101
41 98
41 100
43 98
157 76
44 95
44 97
46 95
160 73
47 92
47 94
49 92
163 70
166 67
169 64
172 61
50 89
175 58
50 91
52 89
178 55
181 52
184 49
53 86
53 88
55 86
187 46
56 83
190 43
193 40
56 85
58 83
196 37
59 80
59 82
61 80
62 77
62 79
199 34
202 31
205 28
208 25
211 22
64 77
214 19
65 74
217 16
65 76
67 74
220 13
223 10
226 7
229 4
68 71
232 1
68 73
70 71
1 235
71 68
71 70
73 68
74 65
74 67
76 65
77 62
77 64
4 232
7 229
10 226
79 62
80 59
80 61
82 59
13 223
16 220
83 56
19 217
83 58
22 214
25 211
28 208
31 205
85 56
86 53
34 202
86 55
37 199
40 196
88 53
89 50
89 52
91 50
92 47
92 49
94 47
43 193
46 190
49 187
95 44
52 184
95 46
55 181
58 178
97 44
98 41
61 175
98 43
64 172
100 41
67 169
70 166
73 163
101 38
76 160
101 40
79 157
103 38
104 35
104 37
82 154
106 35
107 32
107 34
109 32
85 151
88 148
110 29
110 31
91 145
94 142
112 29
97 139
113 26
100 136
113 28
103 133
115 26
116 23
116 25
106 130
118 23
119 20
119 22
109 127
112 124
121 20
115 121
118 118
121 115
124 112
122 17
122 19
124 17
125 14
125 16
127 14
128 11
127 109
130 106
133 103
128 13
130 11
131 8
131 10
133 8
136 100
139 97
134 5
142 94
145 91
134 7
136 5
148 88
137 2
137 4
151 85
154 82
157 79
139 2
160 76
140 1
1 143
163 73
166 70
2 140
2 142
169 67
4 140
172 64
175 61
178 58
5 137
5 139
181 55
184 52
7 137
187 49
190 46
8 134
193 43
8 136
10 134
196 40
199 37
202 34
205 31
208 28
11 131
211 25
11 133
13 131
214 22
217 19
220 16
14 128
223 13
226 10
14 130
229 7
232 4
16 128
17 125
235 1
1 238
4 235
7 232
10 229
13 226
16 223
19 220
17 127
22 217
25 214
19 125
20 122
28 211
20 124
31 208
22 122
34 205
37 202
23 119
40 199
43 196
23 121
46 193
49 190
25 119
26 116
26 118
28 116
52 187
55 184
29 113
29 115
58 181
61 178
31 113
32 110
64 175
67 172
70 169
32 112
73 166
34 110
35 107
76 163
35 109
37 107
38 104
79 160
38 106
40 104
82 157
85 154
88 151
91 148
41 101
94 145
41 103
43 101
97 142
44 98
44 100
100 139
103 136
106 133
46 98
109 130
47 95
47 97
49 95
112 127
50 92
115 124
118 121
121 118
50 94
52 92
53 89
124 115
53 91
127 112
130 109
55 89
56 86
56 88
58 86
133 106
59 83
59 85
136 103
139 100
61 83
62 80
62 82
64 80
142 97
65 77
145 94
148 91
65 79
67 77
68 74
68 76
70 74
151 88
154 85
157 82
71 71
160 79
71 73
163 76
73 71
166 73
74 68
74 70
76 68
77 65
77 67
79 65
80 62
80 64
82 62
83 59
169 70
83 61
172 67
175 64
178 61
181 58
85 59
86 56
86 58
184 55
88 56
89 53
187 52
89 55
190 49
91 53
92 50
193 46
92 52
196 43
199 40
94 50
202 37
205 34
208 31
95 47
211 28
95 49
214 25
97 47
98 44
98 46
217 22
220 19
223 16
226 13
229 10
100 44
101 41
232 7
235 4
238 1
1 241
101 43
4 238
7 235
103 41
104 38
104 40
106 38
10 232
13 229
16 226
107 35
19 223
107 37
22 220
109 35
110 32
25 217
110 34
28 214
112 32
113 29
113 31
115 29
31 211
116 26
34 208
37 205
116 28
118 26
119 23
119 25
40 202
121 23
122 20
122 22
124 20
125 17
43 199
46 196
125 19
127 17
128 14
128 16
130 14
131 11
49 193
131 13
133 11
134 8
52 190
134 10
136 8
55 187
137 5
58 184
137 7
139 5
61 181
64 178
140 2
140 4
142 2
67 175
143 1
70 172
1 146
73 169
76 166
79 163
2 143
82 160
2 145
85 157
88 154
91 151
94 148
4 143
5 140
5 142
97 145
100 142
103 139
7 140
106 136
8 137
8 139
10 137
109 133
11 134
112 130
115 127
11 136
118 124
121 121
13 134
124 118
14 131
14 133
16 131
127 115
130 112
17 128
133 109
17 130
136 106
19 128
20 125
139 103
20 127
142 100
145 97
22 125
23 122
148 94
151 91
23 124
154 88
25 122
157 85
26 119
160 82
26 121
163 79
28 119
166 76
29 116
29 118
31 116
32 113
32 115
34 113
35 110
35 112
169 73
172 70
175 67
37 110
178 64
181 61
184 58
38 107
38 109
40 107
41 104
187 55
41 106
190 52
193 49
196 46
199 43
43 104
44 101
202 40
205 37
44 103
46 101
208 34
47 98
211 31
214 28
217 25
47 100
49 98
220 22
50 95
223 19
226 16
229 13
50 97
232 10
52 95
53 92
53 94
235 7
55 92
56 89
238 4
56 91
241 1
1 244
4 241
58 89
59 86
7 238
59 88
10 235
13 232
16 229
61 86
19 226
22 223
25 220
28 217
62 83
31 214
62 85
34 211
37 208
40 205
43 202
64 83
46 199
65 80
65 82
49 196
67 80
52 193
68 77
68 79
55 190
58 187
61 184
64 181
67 178
70 175
70 77
73 172
71 74
76 169
79 166
82 163
71 76
85 160
88 157
73 74
74 71
91 154
74 73
94 151
97 148
76 71
77 68
77 70
79 68
80 65
80 67
100 145
103 142
82 65
106 139
109 136
112 133
83 62
115 130
118 127
83 64
85 62
86 59
121 124
124 121
86 61
88 59
89 56
127 118
130 115
89 58
133 112
91 56
92 53
136 109
139 106
92 55
142 103
94 53
95 50
95 52
145 100
148 97
97 50
98 47
98 49
100 47
151 94
154 91
101 44
101 46
103 44
104 41
104 43
157 88
160 85
106 41
107 38
163 82
166 79
169 76
172 73
175 70
178 67
181 64
107 40
184 61
187 58
109 38
110 35
110 37
112 35
113 32
113 34
115 32
116 29
116 31
118 29
119 26
119 28
121 26
122 23
190 55
193 52
122 25
196 49
124 23
125 20
199 46
125 22
202 43
205 40
208 37
127 20
211 34
128 17
128 19
130 17
131 14
214 31
131 16
133 14
134 11
217 28
220 25
223 22
134 13
136 11
226 19
137 8
137 10
139 8
229 16
232 13
235 10
238 7
241 4
244 1
1 247
140 5
4 244
7 241
140 7
142 5
10 238
143 2
143 4
13 235
145 2
16 232
19 229
146 1
1 149
22 226
25 223
28 220
2 146
2 148
31 217
4 146
34 214
37 211
40 208
43 205
46 202
5 143
49 199
5 145
52 196
7 143
8 140
55 193
58 190
8 142
10 140
61 187
64 184
11 137
11 139
13 137
14 134
67 181
70 178
14 136
73 175
16 134
17 131
17 133
19 131
20 128
20 130
22 128
76 172
79 169
23 125
82 166
85 163
88 160
23 127
25 125
26 122
26 124
28 122
29 119
29 121
31 119
32 116
32 118
34 116
91 157
35 113
35 115
37 113
38 110
94 154
97 151
38 112
40 110
100 148
103 145
41 107
106 142
109 139
112 136
115 133
118 130
41 109
121 127
43 107
124 124
44 104
127 121
44 106
130 118
133 115
136 112
46 104
47 101
139 109
142 106
145 103
47 103
49 101
148 100
151 97
50 98
50 100
154 94
52 98
53 95
157 91
53 97
160 88
55 95
163 85
56 92
56 94
166 82
169 79
58 92
59 89
172 76
59 91
175 73
61 89
62 86
178 70
62 88
181 67
184 64
64 86
187 61
65 83
190 58
193 55
196 52
65 85
199 49
202 46
67 83
68 80
68 82
205 43
70 80
71 77
208 40
211 37
71 79
214 34
217 31
220 28
223 25
73 77
226 22
74 74
229 19
74 76
232 16
76 74
77 71
77 73
79 71
235 13
238 10
241 7
244 4
247 1
1 250
4 247
7 244
10 241
80 68
80 70
82 68
83 65
83 67
13 238
16 235
19 232
85 65
86 62
86 64
22 229
88 62
25 226
28 223
31 220
34 217
37 214
89 59
89 61
40 211
43 208
91 59
92 56
46 205
49 202
92 58
94 56
52 199
55 196
95 53
95 55
58 193
97 53
98 50
98 52
100 50
61 190
101 47
101 49
103 47
64 187
67 184
70 181
104 44
73 178
104 46
106 44
107 41
107 43
109 41
76 175
79 172
82 169
110 38
85 166
110 40
112 38
88 163
91 160
94 157
97 154
100 151
103 148
106 145
109 142
113 35
112 139
113 37
115 136
115 35
116 32
116 34
118 133
118 32
119 29
121 130
119 31
121 29
122 26
124 127
122 28
124 26
125 23
127 124
130 121
133 118
125 25
127 23
128 20
128 22
136 115
139 112
130 20
142 109
145 106
131 17
148 103
151 100
154 97
157 94
160 91
163 88
166 85
131 19
169 82
172 79
175 76
178 73
133 17
181 70
134 14
134 16
136 14
184 67
187 64
190 61
137 11
137 13
139 11
193 58
196 55
199 52
202 49
205 46
140 8
208 43
211 40
140 10
214 37
217 34
220 31
223 28
142 8
226 25
229 22
232 19
143 5
235 16
143 7
145 5
238 13
146 2
146 4
148 2
149 1
241 10
244 7
1 152
2 149
247 4
2 151
250 1
1 253
4 149
4 250
5 146
5 148
7 146
8 143
8 145
10 143
11 140
7 247
10 244
13 241
16 238
19 235
22 232
11 142
25 229
13 140
14 137
28 226
14 139
31 223
34 220
16 137
37 217
40 214
43 211
17 134
17 136
46 208
49 205
52 202
55 199
19 134
58 196
20 131
61 193
64 190
20 133
67 187
70 184
22 131
23 128
23 130
73 181
25 128
26 125
26 127
28 125
29 122
29 124
76 178
31 122
32 119
32 121
34 119
35 116
79 175
35 118
82 172
85 169
37 116
38 113
88 166
38 115
40 113
91 163
94 160
41 110
41 112
43 110
97 157
44 107
100 154
103 151
44 109
46 107
47 104
106 148
109 145
112 142
115 139
47 106
49 104
118 136
50 101
121 133
50 103
124 130
52 101
127 127
130 124
133 121
136 118
139 115
53 98
53 100
55 98
56 95
142 112
145 109
56 97
148 106
151 103
154 100
58 95
59 92
157 97
59 94
61 92
160 94
62 89
62 91
163 91
166 88
169 85
172 82
64 89
65 86
65 88
67 86
175 79
178 76
68 83
181 73
184 70
187 67
68 85
70 83
71 80
190 64
71 82
73 80
193 61
196 58
199 55
74 77
74 79
76 77
202 52
77 74
77 76
79 74
205 49
208 46
211 43
80 71
214 40
80 73
217 37
82 71
220 34
223 31
226 28
229 25
232 22
235 19
83 68
83 70
238 16
85 68
86 65
241 13
244 10
247 7
250 4
253 1
86 67
88 65
1 256
4 253
89 62
89 64
91 62
7 250
10 247
92 59
13 244
16 241
19 238
92 61
94 59
22 235
25 232
95 56
28 229
31 226
34 223
95 58
97 56
98 53
37 220
40 217
43 214
46 211
98 55
100 53
101 50
49 208
52 205
101 52
55 202
58 199
103 50
104 47
104 49
61 196
64 193
67 190
106 47
70 187
73 184
107 44
107 46
109 44
76 181
79 178
82 175
85 172
110 41
110 43
112 41
88 169
113 38
91 166
94 163
113 40
97 160
115 38
100 157
103 154
116 35
116 37
106 151
118 35
119 32
109 148
112 145
119 34
121 32
122 29
122 31
124 29
125 26
115 142
125 28
127 26
118 139
121 136
128 23
124 133
127 130
130 127
133 124
128 25
130 23
136 121
139 118
131 20
131 22
142 115
145 112
133 20
134 17
148 109
134 19
151 106
154 103
136 17
137 14
157 100
160 97
163 94
166 91
137 16
139 14
140 11
169 88
172 85
140 13
142 11
175 82
143 8
178 79
143 10
145 8
181 76
146 5
146 7
184 73
148 5
149 2
187 70
190 67
193 64
149 4
196 61
199 58
151 2
152 1
1 155
2 152
2 154
4 152
5 149
5 151
7 149
8 146
202 55
8 148
205 52
10 146
11 143
11 145
13 143
208 49
211 46
214 43
14 140
217 40
14 142
16 140
220 37
223 34
17 137
17 139
226 31
229 28
232 25
19 137
235 22
238 19
20 134
20 136
22 134
23 131
23 133
241 16
244 13
25 131
26 128
26 130
28 128
29 125
247 10
29 127
250 7
253 4
31 125
256 1
32 122
1 259
32 124
34 122
4 256
35 119
35 121
37 119
38 116
38 118
40 116
7 253
10 250
41 113
13 247
16 244
19 241
41 115
22 238
43 113
25 235
28 232
44 110
31 229
34 226
37 223
44 112
40 220
46 110
43 217
46 214
49 211
52 208
47 107
55 205
47 109
58 202
49 107
61 199
50 104
64 196
50 106
67 193
70 190
52 104
53 101
73 187
76 184
53 103
79 181
82 178
85 175
88 172
91 169
94 166
55 101
56 98
56 100
97 163
100 160
103 157
58 98
59 95
59 97
106 154
61 95
109 151
62 92
112 148
62 94
115 145
64 92
118 142
65 89
121 139
124 136
127 133
130 130
65 91
67 89
68 86
133 127
136 124
68 88
139 121
142 118
145 115
70 86
71 83
148 112
151 109
71 85
73 83
154 106
74 80
157 103
160 100
74 82
163 97
76 80
77 77
77 79
79 77
166 94
80 74
169 91
172 88
175 85
178 82
181 79
184 76
80 76
187 73
82 74
83 71
190 70
193 67
83 73
85 71
196 64
199 61
86 68
202 58
86 70
88 68
89 65
205 55
89 67
208 52
211 49
91 65
214 46
92 62
217 43
92 64
94 62
220 40
95 59
223 37
226 34
229 31
95 61
97 59
98 56
98 58
100 56
232 28
235 25
238 22
241 19
244 16
247 13
250 10
253 7
256 4
259 1
101 53
101 55
103 53
104 50
104 52
106 50
1 262
4 259
7 256
107 47
10 253
13 250
16 247
19 244
22 241
25 238
28 235
107 49
109 47
110 44
110 46
112 44
113 41
113 43
31 232
34 229
115 41
37 226
116 38
40 223
43 220
46 217
49 214
116 40
52 211
118 38
55 208
119 35
119 37
58 205
121 35
122 32
61 202
64 199
67 196
70 193
73 190
122 34
76 187
79 184
82 181
85 178
124 32
125 29
125 31
127 29
128 26
128 28
88 175
91 172
130 26
94 169
97 166
131 23
100 163
131 25
133 23
134 20
134 22
136 20
137 17
103 160
137 19
139 17
140 14
106 157
140 16
109 154
142 14
112 151
143 11
143 13
145 11
115 148
118 145
121 142
124 139
146 8
127 136
130 133
133 130
136 127
139 124
146 10
148 8
142 121
145 118
149 5
148 115
149 7
151 112
151 5
152 2
154 109
157 106
152 4
154 2
160 103
155 1
163 100
166 97
1 158
169 94
172 91
175 88
2 155
178 85
2 157
181 82
184 79
187 76
190 73
4 155
193 70
5 152
5 154
196 67
7 152
8 149
199 64
202 61
8 151
205 58
10 149
11 146
208 55
211 52
11 148
13 146
14 143
214 49
14 145
16 143
217 46
220 43
223 40
226 37
229 34
17 140
232 31
235 28
238 25
241 22
244 19
17 142
19 140
247 16
20 137
20 139
250 13
253 10
256 7
22 137
23 134
259 4
262 1
1 265
23 136
4 262
7 259
25 134
10 256
26 131
26 133
28 131
13 253
16 250
19 247
29 128
22 244
25 241
29 130
31 128
28 238
31 235
34 232
32 125
32 127
34 125
35 122
35 124
37 122
37 229
40 226
38 119
43 223
46 220
49 217
52 214
55 211
38 121
58 208
40 119
41 116
61 205
64 202
67 199
70 196
73 193
41 118
76 190
43 116
44 113
79 187
44 115
82 184
85 181
46 113
47 110
47 112
49 110
88 178
50 107
50 109
52 107
91 175
53 104
53 106
94 172
97 169
55 104
56 101
100 166
56 103
103 163
58 101
59 98
106 160
109 157
59 100
112 154
115 151
61 98
118 148
121 145
62 95
62 97
64 95
124 142
127 139
130 136
133 133
136 130
65 92
139 127
142 124
65 94
67 92
145 121
148 118
68 89
68 91
70 89
151 115
71 86
71 88
73 86
74 83
74 85
76 83
77 80
77 82
79 80
80 77
154 112
157 109
80 79
160 106
163 103
166 100
82 77
169 97
172 94
175 91
83 74
178 88
83 76
85 74
86 71
86 73
181 85
88 71
184 82
187 79
190 76
193 73
196 70
199 67
89 68
202 64
89 70
205 61
208 58
211 55
214 52
217 49
91 68
220 46
92 65
223 43
92 67
226 40
94 65
95 62
95 64
229 37
97 62
98 59
98 61
232 34
235 31
100 59
238 28
101 56
101 58
103 56
104 53
241 25
244 22
104 55
247 19
106 53
250 16
107 50
107 52
109 50
110 47
110 49
253 13
112 47
113 44
113 46
256 10
259 7
115 44
262 4
116 41
265 1
1 268
4 265
7 262
116 43
118 41
119 38
119 40
121 38
122 35
122 37
124 35
125 32
10 259
13 256
125 34
16 253
127 32
128 29
128 31
19 250
22 247
25 244
130 29
28 241
31 238
34 235
37 232
131 26
40 229
131 28
43 226
46 223
133 26
134 23
49 220
134 25
136 23
52 217
137 20
137 22
139 20
140 17
140 19
55 214
58 211
142 17
143 14
61 208
143 16
145 14
146 11
146 13
64 205
67 202
148 11
149 8
149 10
70 199
151 8
152 5
73 196
152 7
76 193
79 190
82 187
85 184
88 181
91 178
94 175
97 172
100 169
103 166
106 163
109 160
112 157
115 154
118 151
121 148
154 5
124 145
155 2
127 142
130 139
133 136
136 133
155 4
139 130
157 2
142 127
145 124
158 1
148 121
151 118
1 161
2 158
154 115
157 112
2 160
160 109
163 106
4 158
5 155
166 103
5 157
169 100
7 155
172 97
8 152
175 94
178 91
8 154
181 88
184 85
187 82
10 152
11 149
190 79
11 151
193 76
196 73
199 70
13 149
14 146
14 148
16 146
17 143
202 67
17 145
205 64
208 61
211 58
214 55
217 52
19 143
220 49
223 46
20 140
226 43
20 142
229 40
232 37
235 34
238 31
22 140
23 137
241 28
23 139
25 137
244 25
247 22
26 134
250 19
253 16
256 13
26 136
28 134
259 10
29 131
29 133
31 131
32 128
262 7
265 4
268 1
32 130
1 271
4 268
7 265
34 128
10 262
35 125
13 259
16 256
19 253
35 127
22 250
37 125
25 247
28 244
38 122
38 124
31 241
34 238
37 235
40 232
43 229
46 226
49 223
40 122
52 220
55 217
58 214
41 119
41 121
61 211
43 119
64 208
44 116
44 118
46 116
47 113
67 205
47 115
70 202
73 199
76 196
79 193
82 190
49 113
85 187
88 184
91 181
94 178
50 110
97 175
100 172
103 169
106 166
109 163
50 112
52 110
112 160
53 107
115 157
118 154
121 151
124 148
53 109
127 145
55 107
130 142
56 104
56 106
58 104
133 139
136 136
59 101
59 103
139 133
142 130
61 101
62 98
145 127
62 100
148 124
64 98
65 95
151 121
154 118
65 97
67 95
157 115
68 92
160 112
163 109
68 94
70 92
166 106
169 103
172 100
175 97
178 94
181 91
71 89
71 91
184 88
73 89
187 85
190 82
193 79
74 86
196 76
74 88
199 73
76 86
202 70
205 67
77 83
77 85
79 83
80 80
80 82
208 64
211 61
214 58
82 80
217 55
83 77
220 52
223 49
226 46
229 43
232 40
83 79
85 77
86 74
235 37
238 34
86 76
88 74
89 71
89 73
241 31
91 71
92 68
92 70
94 68
244 28
247 25
95 65
95 67
250 22
97 65
98 62
253 19
98 64
100 62
256 16
259 13
101 59
101 61
103 59
104 56
104 58
262 10
106 56
265 7
268 4
107 53
107 55
109 53
110 50
110 52
112 50
271 1
1 274
4 271
7 268
113 47
10 265
13 262
16 259
19 256
22 253
113 49
25 250
115 47
116 44
28 247
116 46
118 44
31 244
34 241
119 41
119 43
121 41
37 238
40 235
43 232
122 38
122 40
124 38
125 35
46 229
125 37
49 226
52 223
127 35
128 32
128 34
55 220
58 217
61 214
130 32
131 29
131 31
64 211
67 208
70 205
73 202
133 29
134 26
134 28
76 199
79 196
82 193
136 26
85 190
88 187
137 23
91 184
94 181
137 25
97 178
100 175
139 23
103 172
106 169
140 20
109 166
140 22
112 163
115 160
142 20
143 17
143 19
118 157
121 154
124 151
145 17
127 148
130 145
133 142
146 14
146 16
148 14
149 11
136 139
139 136
149 13
142 133
151 11
152 8
152 10
145 130
154 8
155 5
148 127
155 7
157 5
158 2
151 124
158 4
160 2
154 121
161 1
1 164
2 161
2 163
4 161
157 118
5 158
160 115
5 160
7 158
163 112
166 109
169 106
172 103
8 155
8 157
10 155
11 152
11 154
13 152
14 149
14 151
175 100
16 149
17 146
178 97
181 94
17 148
184 91
19 146
187 88
20 143
190 85
193 82
20 145
22 143
196 79
23 140
23 142
199 76
202 73
205 70
208 67
211 64
214 61
25 140
217 58
220 55
223 52
226 49
26 137
229 46
26 139
232 43
28 137
235 40
238 37
241 34
244 31
29 134
247 28
29 136
250 25
31 134
32 131
253 22
256 19
32 133
34 131
259 16
262 13
265 10
35 128
35 130
268 7
271 4
274 1
37 128
38 125
38 127
40 125
41 122
41 124
1 277
43 122
44 119
44 121
4 274
46 119
7 271
10 268
47 116
47 118
49 116
50 113
13 265
50 115
52 113
16 262
53 110
53 112
55 110
56 107
19 259
22 256
25 253
56 109
58 107
59 104
59 106
61 104
28 250
62 101
62 103
64 101
65 98
65 100
67 98
68 95
68 97
70 95
71 92
71 94
73 92
31 247
74 89
74 91
34 244
37 241
76 89
40 238
77 86
77 88
43 235
79 86
46 232
49 229
52 226
80 83
80 85
55 223
58 220
82 83
83 80
61 217
64 214
67 211
83 82
85 80
86 77
70 208
86 79
88 77
73 205
89 74
89 76
91 74
76 202
92 71
79 199
82 196
92 73
85 193
94 71
88 190
91 187
94 184
97 181
95 68
95 70
100 178
103 175
97 68
98 65
98 67
100 65
106 172
101 62
109 169
101 64
103 62
104 59
104 61
112 166
115 163
118 160
121 157
124 154
106 59
107 56
127 151
107 58
130 148
133 145
109 56
136 142
139 139
110 53
142 136
110 55
145 133
112 53
148 130
151 127
113 50
113 52
154 124
115 50
116 47
116 49
157 121
160 118
163 115
166 112
169 109
118 47
172 106
119 44
175 103
119 46
178 100
121 44
181 97
184 94
122 41
122 43
124 41
125 38
125 40
187 91
190 88
193 85
127 38
196 82
199 79
202 76
128 35
205 73
208 70
211 67
128 37
130 35
214 64
217 61
220 58
131 32
223 55
226 52
131 34
133 32
229 49
134 29
134 31
232 46
136 29
235 43
238 40
241 37
137 26
137 28
244 34
139 26
140 23
247 31
140 25
250 28
253 25
142 23
143 20
143 22
256 22
145 20
146 17
259 19
146 19
148 17
262 16
265 13
268 10
271 7
274 4
277 1
1 280
149 14
149 16
151 14
4 277
152 11
152 13
7 274
10 271
154 11
155 8
155 10
157 8
13 268
158 5
158 7
160 5
161 2
161 4
16 265
163 2
19 262
22 259
25 256
164 1
28 253
1 167
31 250
34 247
2 164
37 244
40 241
2 166
43 238
46 235
4 164
49 232
52 229
55 226
58 223
5 161
5 163
7 161
8 158
8 160
61 220
10 158
11 155
64 217
67 214
70 211
73 208
76 205
79 202
11 157
13 155
14 152
14 154
82 199
16 152
85 196
17 149
17 151
19 149
20 146
20 148
22 146
88 193
91 190
94 187
97 184
100 181
23 143
23 145
25 143
26 140
103 178
106 175
109 172
112 169
115 166
26 142
28 140
29 137
118 163
121 160
29 139
124 157
31 137
32 134
127 154
130 151
32 136
133 148
34 134
35 131
35 133
136 145
37 131
38 128
139 142
142 139
38 130
40 128
41 125
41 127
145 136
148 133
43 125
151 130
44 122
44 124
154 127
157 124
46 122
160 121
163 118
47 119
166 115
47 121
169 112
49 119
172 109
50 116
50 118
52 116
175 106
178 103
53 113
53 115
181 100
55 113
56 110
56 112
184 97
58 110
59 107
187 94
190 91
193 88
59 109
196 85
199 82
61 107
202 79
62 104
205 76
208 73
211 70
214 67
62 106
64 104
217 64
220 61
65 101
65 103
223 58
67 101
226 55
68 98
68 100
229 52
70 98
71 95
232 49
235 46
71 97
73 95
74 92
238 43
74 94
76 92
77 89
241 40
244 37
77 91
79 89
80 86
80 88
82 86
247 34
250 31
83 83
83 85
85 83
86 80
86 82
88 80
253 28
89 77
89 79
91 77
92 74
92 76
94 74
256 25
95 71
95 73
97 71
259 22
262 19
98 68
265 16
98 70
100 68
101 65
268 13
271 10
101 67
103 65
274 7
277 4
104 62
104 64
280 1
106 62
107 59
107 61
109 59
110 56
1 283
110 58
112 56
113 53
4 280
7 277
113 55
115 53
116 50
116 52
118 50
10 274
13 271
16 268
19 265
22 262
25 259
119 47
28 256
31 253
119 49
121 47
34 250
37 247
122 44
40 244
122 46
43 241
46 238
49 235
52 232
55 229
58 226
61 223
124 44
64 220
67 217
70 214
125 41
125 43
127 41
128 38
73 211
128 40
76 208
79 205
82 202
85 199
88 196
91 193
94 190
130 38
97 187
131 35
131 37
133 35
134 32
100 184
103 181
106 178
134 34
109 175
112 172
115 169
136 32
137 29
118 166
121 163
124 160
127 157
137 31
130 154
139 29
133 151
136 148
140 26
139 145
140 28
142 142
142 26
143 23
145 139
143 25
145 23
146 20
148 136
146 22
148 20
151 133
149 17
149 19
154 130
157 127
151 17
160 124
152 14
163 121
166 118
152 16
154 14
155 11
169 115
155 13
172 112
175 109
157 11
178 106
158 8
158 10
181 103
184 100
160 8
187 97
190 94
161 5
161 7
193 91
196 88
199 85
163 5
164 2
164 4
166 2
167 1
1 170
2 167
202 82
205 79
2 169
208 76
211 73
214 70
4 167
217 67
5 164
220 64
5 166
223 61
226 58
229 55
7 164
232 52
235 49
8 161
238 46
241 43
8 163
10 161
11 158
11 160
244 40
247 37
250 34
253 31
13 158
256 28
14 155
259 25
262 22
265 19
14 157
16 155
268 16
271 13
274 10
17 152
277 7
280 4
17 154
19 152
283 1
20 149
20 151
1 286
4 283
22 149
7 280
23 146
23 148
10 277
13 274
25 146
16 271
26 143
26 145
28 143
29 140
29 142
31 140
32 137
19 268
32 139
22 265
25 262
34 137
35 134
35 136
37 134
28 259
31 256
34 253
38 131
37 250
40 247
38 133
43 244
40 131
41 128
41 130
46 241
43 128
44 125
44 127
46 125
49 238
52 235
47 122
55 232
47 124
49 122
50 119
50 121
52 119
53 116
58 229
61 226
53 118
64 223
67 220
55 116
70 217
56 113
73 214
76 211
56 115
58 113
79 208
59 110
82 205
59 112
61 110
85 202
88 199
62 107
62 109
91 196
64 107
94 193
97 190
65 104
65 106
67 104
68 101
68 103
70 101
71 98
71 100
73 98
100 187
74 95
103 184
106 181
74 97
109 178
76 95
77 92
77 94
112 175
79 92
115 172
80 89
80 91
118 169
82 89
121 166
83 86
83 88
124 163
85 86
127 160
130 157
86 83
133 154
86 85
136 151
139 148
88 83
89 80
89 82
91 80
92 77
92 79
142 145
145 142
94 77
148 139
151 136
154 133
157 130
95 74
160 127
95 76
97 74
98 71
98 73
100 71
163 124
166 121
101 68
101 70
169 118
103 68
172 115
104 65
175 112
178 109
181 106
104 67
106 65
107 62
184 103
107 64
187 100
190 97
109 62
193 94
196 91
110 59
110 61
199 88
112 59
202 85
113 56
205 82
113 58
115 56
208 79
116 53
116 55
211 76
214 73
118 53
217 70
220 67
223 64
226 61
119 50
119 52
121 50
229 58
232 55
122 47
235 52
238 49
241 46
244 43
122 49
124 47
125 44
125 46
127 44
128 41
128 43
247 40
250 37
253 34
130 41
131 38
131 40
256 31
133 38
134 35
134 37
259 28
136 35
262 25
137 32
137 34
265 22
268 19
271 16
274 13
139 32
140 29
277 10
140 31
280 7
283 4
142 29
143 26
286 1
143 28
145 26
146 23
146 25
1 289
148 23
149 20
149 22
4 286
151 20
152 17
152 19
7 283
10 280
154 17
155 14
13 277
155 16
157 14
16 274
158 11
19 271
158 13
22 268
160 11
161 8
161 10
163 8
164 5
25 265
28 262
31 259
34 256
37 253
164 7
40 250
166 5
167 2
167 4
169 2
170 1
1 173
2 170
2 172
4 170
43 247
46 244
49 241
52 238
55 235
58 232
61 229
5 167
5 169
7 167
64 226
67 223
8 164
8 166
70 220
73 217
10 164
11 161
76 214
79 211
82 208
11 163
85 205
13 161
88 202
14 158
14 160
16 158
91 199
17 155
94 196
97 193
100 190
17 157
103 187
106 184
109 181
19 155
112 178
115 175
20 152
20 154
118 172
22 152
121 169
124 166
127 163
23 149
130 160
23 151
25 149
133 157
26 146
26 148
28 146
136 154
29 143
139 151
29 145
142 148
145 145
31 143
32 140
148 142
32 142
151 139
154 136
157 133
34 140
160 130
35 137
35 139
37 137
163 127
166 124
38 134
38 136
40 134
41 131
41 133
169 121
172 118
175 115
43 131
178 112
181 109
44 128
184 106
44 130
187 103
46 128
190 100
193 97
47 125
47 127
49 125
50 122
50 124
196 94
52 122
53 119
199 91
202 88
205 85
53 121
208 82
55 119
211 79
214 76
56 116
56 118
58 116
217 73
220 70
223 67
226 64
229 61
59 113
232 58
235 55
238 52
59 115
241 49
244 46
247 43
61 113
62 110
250 40
62 112
253 37
64 110
65 107
65 109
256 34
259 31
67 107
68 104
262 28
265 25
268 22
68 106
271 19
274 16
277 13
280 10
283 7
70 104
71 101
286 4
289 1
1 292
4 289
71 103
73 101
74 98
74 100
76 98
77 95
7 286
10 283
13 280
77 97
79 95
16 277
80 92
80 94
82 92
83 89
83 91
85 89
86 86
86 88
19 274
88 86
89 83
22 271
89 85
91 83
25 268
92 80
92 82
28 265
94 80
95 77
95 79
97 77
31 262
34 259
37 256
40 253
43 250
46 247
49 244
52 241
55 238
98 74
98 76
58 235
100 74
61 232
64 229
67 226
70 223
73 220
101 71
101 73
103 71
76 217
79 214
104 68
82 211
104 70
85 208
106 68
88 205
107 65
107 67
109 65
91 202
110 62
94 199
110 64
97 196
112 62
100 193
113 59
103 190
113 61
106 187
115 59
116 56
109 184
112 181
116 58
115 178
118 175
118 56
121 172
124 169
127 166
119 53
119 55
130 163
121 53
122 50
133 160
136 157
122 52
139 154
142 151
124 50
145 148
125 47
125 49
148 145
127 47
151 142
128 44
154 139
128 46
157 136
160 133
130 44
163 130
131 41
131 43
133 41
166 127
134 38
134 40
136 38
137 35
137 37
169 124
172 121
139 35
175 118
140 32
178 115
181 112
184 109
140 34
187 106
142 32
190 103
143 29
143 31
145 29
146 26
193 100
146 28
148 26
149 23
149 25
151 23
152 20
152 22
196 97
199 94
154 20
155 17
202 91
205 88
155 19
157 17
158 14
158 16
160 14
161 11
161 13
208 85
211 82
214 79
217 76
163 11
164 8
220 73
223 70
226 67
229 64
164 10
166 8
232 61
167 5
167 7
235 58
238 55
241 52
169 5
244 49
247 46
250 43
170 2
170 4
253 40
256 37
259 34
262 31
172 2
173 1
1 176
265 28
268 25
271 22
274 19
2 173
277 16
280 13
283 10
2 175
4 173
5 170
5 172
286 7
7 170
8 167
8 169
10 167
11 164
289 4
11 166
292 1
1 295
13 164
4 292
7 289
14 161
14 163
16 161
10 286
17 158
13 283
17 160
16 280
19 158
19 277
22 274
20 155
25 271
20 157
22 155
28 268
31 265
34 262
23 152
37 259
40 256
23 154
43 253
46 250
49 247
52 244
55 241
25 152
58 238
26 149
26 151
61 235
28 149
64 232
67 229
29 146
70 226
73 223
76 220
79 217
82 214
85 211
29 148
31 146
88 208
91 205
32 143
94 202
97 199
32 145
100 196
34 143
103 193
106 190
109 187
35 140
112 184
35 142
